
=== Enumerator Summary for n = 11 ===
Date and time of computation: Mon Jul  7 17:04:09 2025

Elapsed time: 27.488648s
Min Bound: 77
  Max area: 77
  Number of configurations: 2352

Signature counts after each cell (before vertical symmetry):
  Row  0   :            2         1793        95835       413472       373620       313596       360508       210439       325111       260125       365256 
  Row  1   :            4         2770       118488       488960       447239       383293       285851       223115       412076       333257       359404 
  Row  2   :            8         4373       145231       571984       551396       463688       347632       276047       481043       336777       330276 
  Row  3   :           16         6701       165617       624629       597510       435218       394731       326272       504493       392401       268717 
  Row  4   :           32         8690       206487       506766       378802       503292       290677       352744       579161       392326       207439 
  Row  5   :           64        13107       184180       574754       433154       316287       340124       407195       612974       452593       150371 
  Row  6   :          128        20624       233781       640119       493967       363305       388904       474636       701198       457349       102770 
  Row  7   :          256        32368       293550       705537       557312       397198       447806       537243       719662       515487        68085 
  Row  8   :          512        48315       377042       659714       638501       416010       409583       537419       693219       576534        40845 
  Row  9   :         1024        74118       470468       722686       745759       497294       484780       638329       631944       632502        23182 
  Row 10   :         1981        73905       451379       488016       370377       393835       249448       399488       433220       503932        11657 

Pruned signatures:
  Row  0   :            0            0            0            0            0            0            0            0            0       134313       102978 
  Row  1   :            0            0            0        34325        66276            0       228168        64644            0            0       141564 
  Row  2   :            0            0            0            0            0            0            0            0        37411       103310       164089 
  Row  3   :            0          252        28681        45962        81922       170731            0            0       104974            0       172510 
  Row  4   :            0         2235            0       333604       496175            0       243690        42203            0        95938       158814 
  Row  5   :            0            0       108509            0            0       402942            0            0       101077            0       133234 
  Row  6   :            0            0            0            0            0            0            0            0            0        95080       103241 
  Row  7   :            0            0            0            0            0            0            0            0       108412            0        75047 
  Row  8   :            0            0            0       176781            0        70034       180953       112532       205136            0        51279 
  Row  9   :            0            0            0            0        18279            0            0            0       276760        50544        32632 
  Row 10   :           67        47478        80478       401816       728190        95420       410504       381813       305389       129194        19354 

Signatures pruned due to vertical symmetry:
  Column 0: 962
  Column 1: 1728
  Column 2: 135827
  Column 3: 218234
  Column 4: 133177
  Column 5: 116249
  Column 6: 90866
  Column 7: 155867
  Column 8: 178606
  Column 9: 179748
===========================================
