
=== Enumerator Summary for n = 12 ===
Date and time of computation: Mon Jul  7 17:05:33 2025

Elapsed time: 84.008122s
Min Bound: 92
  Max area: 92
  Number of configurations: 1152

Signature counts after each cell (before vertical symmetry):
  Row  0   :            2         3359       294958      1684224       923576       980485      1386372       293726       117536       329141       406052       659891 
  Row  1   :            4         5288       363998      1736630      1200859      1192782      1404740       364268       145154       433823       436005       662035 
  Row  2   :            8         8257       454394      2054748      1473345      1433433      1703965       440263       175409       522247       539792       610070 
  Row  3   :           16        12974       510882      1693505      1736791      1323608      1041098       514387       208843       578804       540367       507161 
  Row  4   :           32        19857       636400      1908108      1879064      1524937      1190512       505582       241156       714173       639499       390463 
  Row  5   :           64        26060       798080      2151753      1227515      1753763      1354810       228146       256551       784712       656035       289901 
  Row  6   :          128        40464       824229      1854622      1404040      1422548       936837       269105       322332       939128       759845       206565 
  Row  7   :          256        61820      1034972      2089623      1617096      1626023      1076662       314091       380974      1025351       798996       135086 
  Row  8   :          512        96354      1298818      2306802      1826971      1807394      1209020       360553       451906      1199227       907006        80653 
  Row  9   :         1024       147994      1559677      2438039      2068476      1935633      1255269       408305       463145       930983      1028355        47391 
  Row 10   :         2048       224742      1926847      2644768      2450144      2270600      1493617       487830       581242      1118593      1159154        25967 
  Row 11   :         3797       222150      1890633      1180539      1160025      1811655       359393       130685       364213       508993       899847        11501 

Pruned signatures:
  Row  0   :            0            0            0            0            0            0       371878            0            0            0            0       187946 
  Row  1   :            0            0            0       486632            0            0       537588            0            0            0       115780       253218 
  Row  2   :            0            0            0            0            0            0            0            0            0        37875            0       299960 
  Row  3   :            0            0        90123      1061002            0       544262      1374436            0            0       110013       134775       314483 
  Row  4   :            0          563            0            0       290435            0            0       152783            0            0            0       297234 
  Row  5   :            0         6289            0            0      1479100            0            0       506798        43528       124017       141095       250780 
  Row  6   :            0            0       253954       938785            0       947647       965067            0            0            0            0       199111 
  Row  7   :            0            0            0            0            0            0            0            0            0       146257       150977       148603 
  Row  8   :            0            0            0            0            0            0            0            0            0            0            0       102817 
  Row  9   :            0            0        97950            0            0       247376       215982            0        94615       710443            0        64372 
  Row 10   :            0            0            0            0            0            0            0        26295            0            0        91512        38954 
  Row 11   :          299       141501       155569      2555944      2467210       348636      1934534       570724       335955      1033774       236026        22410 

Signatures pruned due to vertical symmetry:
  Column 0: 1870
  Column 1: 3057
  Column 2: 626841
  Column 3: 521937
  Column 4: 418484
  Column 5: 605529
  Column 6: 134950
  Column 7: 40193
  Column 8: 116928
  Column 9: 199136
  Column 10: 306604
===========================================
