
=== Enumerator Summary for n = 13 ===
Date and time of computation: Mon Jul  7 17:18:51 2025

Elapsed time: 797.134434s
Min Bound: 107
  Max area: 107
  Number of configurations: 1344

Signature counts after each cell (before vertical symmetry):
  Row  0   :            2         7166      1548968      7447133      5848006      9654462      9869870      3095506      2442624      1948498      2926976      2591599      4168405 
  Row  1   :            4        11380      1896488      9055749      7511477     11672865     11379484      3816548      2949668      2446334      3657046      3318251      4183381 
  Row  2   :            8        18096      2294557     10440835      9103203     13835393     13624714      4589682      3465396      2931100      4223527      3386755      3932532 
  Row  3   :           16        28410      2669177      7640417     10568816     14087281      6120269      5302382      3265579      3079312      4323728      3934060      3296962 
  Row  4   :           32        44657      3243354      8498229     11488913     15678620      6822921      5362190      3791529      3580786      4973772      3950677      2641795 
  Row  5   :           64        65209      3446370      9440595      9028500     12809465      7674907      2983943      2532252      4128355      5151114      4535554      2052336 
  Row  6   :          128       101893      4161509      8396409     10142846     14041251      5423935      3439470      2971120      3716384      5902501      4652945      1514027 
  Row  7   :          256       160076      5030766      9229661     11332730     15274958      6075904      3904671      3444244      4344008      6182174      5279132      1068973 
  Row  8   :          512       230199      5409414     10236009      9680577     12676958      6776959      2656971      2489896      4900557      6930898      5405176       740417 
  Row  9   :         1024       361083      6602745     11191293     10706966     13748913      7469635      3041110      2892085      5500150      7134124      6003411       477493 
  Row 10   :         2048       559090      7996494     11529964     11869084     15087059      8016857      3369781      3284330      5381365      6917049      6638020       286572 
  Row 11   :         4096       853694      9517941     12317610     13737070     16815958      9254552      4005237      3654241      6308856      6318825      7296198       181499 
  Row 12   :         8100      1160135      8861578      7868305     12031851     12432764      3816441      2714061      2820723      3601065      4345278      5806974        93216 

Pruned signatures:
  Row  0   :            0            0            0            0            0            0            0            0            0       940000            0      1261684      1103195 
  Row  1   :            0            0            0            0            0            0      1519822            0            0            0            0            0      1501489 
  Row  2   :            0            0            0            0            0            0            0            0            0            0       371267       963797      1752367 
  Row  3   :            0            0       182285      6780772            0      2725549     14302667            0      1141421       466977       966158            0      1874109 
  Row  4   :            0          454            0            0      1137933            0            0      1202317            0            0            0       900673      1773449 
  Row  5   :            0         6040       812090            0      6564717      7862473            0      4759479      2752250            0       921261            0      1542597 
  Row  6   :            0            0            0      3436589            0            0      5080697            0            0      1582983            0       894506      1270462 
  Row  7   :            0            0            0            0            0            0            0            0            0            0       968539            0       990512 
  Row  8   :            0        25441      1212003            0      5247739      7131384            0      2806660      2279868            0            0       916061       733866 
  Row  9   :            0            0            0            0            0            0            0            0            0            0      1017484            0       526921 
  Row 10   :            0            0            0       366668            0            0       570763            0            0      1557822      1919629            0       353329 
  Row 11   :            0            0            0            0            0            0            0            0       523230            0      2584454       497710       222475 
  Row 12   :           92       104043      1377608      7512345      4011487      5026569      9262939      1924922      1187744      4247472      2867568      1308918       144008 

Signatures pruned due to vertical symmetry:
  Column 0: 3990
  Column 1: 14271
  Column 2: 3363345
  Column 3: 3627130
  Column 4: 4689830
  Column 5: 5086438
  Column 6: 1476444
  Column 7: 827628
  Column 8: 858760
  Column 9: 1357298
  Column 10: 1802694
  Column 11: 2092057
===========================================
