
=== Enumerator Summary for n = 14 ===
Date and time of computation: Tue Jul  8 02:32:17 2025

Elapsed time: 33206.728486s
Min Bound: 123
  Max area: 123
  Number of configurations: 123216

Signature counts after each cell (before vertical symmetry):
  Row  0   :            2        14449      5922227     31991739     38305338     49656571     57000992     41039979     19901285     21528618     11928640     16934979     16075278     27119395 
  Row  1   :            4        23044      7270459     38331095     48240278     61179142     67281751     47272427     24652708     18023782     12939185     21177376     18132598     28661123 
  Row  2   :            8        36195      8718049     43736730     56952489     72033331     78384871     56591370     29414819     21376847     15751177     24391068     22041436     28016027 
  Row  3   :           16        57212     10104241     47973386     61355893     74214383     84144178     59427612     28012059     24167758     18050813     25386765     22942419     25022182 
  Row  4   :           32        89398     12197948     47130279     53573163     81167692     67819562     37545470     31750569     19274743     19519148     28616854     25995370     21338481 
  Row  5   :           64       141726     13228370     51181645     59138973     69831212     74029431     41350440     21757419     21986687     22162668     29795721     27074255     17633884 
  Row  6   :          128       222061     15838178     55168853     64542266     74690937     79408721     45362641     24548846     24556449     24978657     33422924     30329357     14050286 
  Row  7   :          256       344025     18800674     54093670     60337430     79195437     68270856     34840295     27283105     19370935     23695495     34606603     31254816     10978545 
  Row  8   :          512       542529     20592924     58653267     66116335     69153471     73352151     38244669     20446027     21845046     26528321     38512673     34799682      8244048 
  Row  9   :         1024       856892     24596774     63329900     71957168     74135835     78291334     41756205     23045765     24103061     29590923     39786159     35616588      5998544 
  Row 10   :         2048      1337350     29463566     66934859     77456777     78258987     83233949     45217661     25209774     26772802     32461365     43133292     38920114      4265118 
  Row 11   :         4096      2114616     35095683     67550829     84210341     84845999     78889487     49087210     26276316     24655964     31708515     35305378     42475721      2864692 
  Row 12   :         8192      3327625     40977033     69998640     92629993     92013277     85303885     54691446     30787321     28343217     35945288     39418383     46186504      1894345 
  Row 13   :        16383      4346033     39154058     53997834     66992523     73747156     55597300     25777757     25043246     15182148     22228510     21443037     38737477      1052585 

Pruned signatures:
  Row  0   :            0            0            0            0            0            0            0            0            0            0            0            0            0      5490365 
  Row  1   :            0            0            0       930124            0            0      4767784      7029881            0     11738037      2982843            0      3471325      7823017 
  Row  2   :            0            0            0            0            0            0            0            0            0            0            0      1742066            0      9755071 
  Row  3   :            0           55       577825      1237464      5856422     11466096      5815813      8218429      9344646            0            0      4672683      4014439     11016057 
  Row  4   :            0         1192            0     10364077     25639174            0     41210517     46222619            0     12700156      1896517            0            0     11115639 
  Row  5   :            0            0      2315048            0            0     33328492            0            0     22180848            0            0      4370635      4190443     10333154 
  Row  6   :            0            0            0            0            0            0            0            0            0            0            0            0            0      9168698 
  Row  7   :            0         8945            0      9585403     18623907            0     30257324     25398902            0     13483558      7415438      4516164      4373191      7744802 
  Row  8   :            0            0      3224670            0            0     29309706            0            0     16692064            0            0            0            0      6320799 
  Row  9   :            0            0            0            0            0            0            0            0            0            0            0      4716780      4556671      4986649 
  Row 10   :            0            0            0            0            0            0            0            0            0            0            0            0            0      3804230 
  Row 11   :            0            0            0       973303            0            0     18937644            0      3607700      9094939      7430720     20278492            0      2798714 
  Row 12   :            0            0            0            0            0            0            0      1252985            0            0            0            0      2374472      1975007 
  Row 13   :            1       590232      2027733     22718529     46603067     11274475     44765490     48160900      4725008     20918811     20317819     28106964      6357779      1362464 

Signatures pruned due to vertical symmetry:
  Column 0: 8128
  Column 1: 37649
  Column 2: 15748790
  Column 3: 25966498
  Column 4: 30010980
  Column 5: 31384994
  Column 6: 25358959
  Column 7: 10878718
  Column 8: 8203063
  Column 9: 6127659
  Column 10: 9395932
  Column 11: 9422097
  Column 12: 15659237
===========================================
